[LEFT_CAM_2K]
fx=1062.43
fy=1062.42
cx=1106.81
cy=636.958
k1=-0.0530211
k2=0.0257802
p1=-0.000335336
p2=-0.000218741
k3=-0.0104659

[RIGHT_CAM_2K]
fx=1065.83
fy=1065.75
cx=1097.17
cy=621.123
k1=-0.0593912
k2=0.0353789
p1=-8.9332e-05
p2=-0.000324083
k3=-0.0146109

[LEFT_CAM_FHD]
fx=1062.43
fy=1062.42
cx=962.81
cy=555.958
k1=-0.0530211
k2=0.0257802
p1=-0.000335336
p2=-0.000218741
k3=-0.0104659

[RIGHT_CAM_FHD]
fx=1065.83
fy=1065.75
cx=953.17
cy=540.123
k1=-0.0593912
k2=0.0353789
p1=-8.9332e-05
p2=-0.000324083
k3=-0.0146109

[LEFT_CAM_HD]
fx=531.215
fy=531.21
cx=639.905
cy=366.479
k1=-0.0530211
k2=0.0257802
p1=-0.000335336
p2=-0.000218741
k3=-0.0104659

[RIGHT_CAM_HD]
fx=532.915
fy=532.875
cx=635.085
cy=358.5615
k1=-0.0593912
k2=0.0353789
p1=-8.9332e-05
p2=-0.000324083
k3=-0.0146109

[LEFT_CAM_VGA]
fx=265.6075
fy=265.605
cx=335.4525
cy=190.7395
k1=-0.0530211
k2=0.0257802
p1=-0.000335336
p2=-0.000218741
k3=-0.0104659

[RIGHT_CAM_VGA]
fx=266.4575
fy=266.4375
cx=333.0425
cy=186.78075
k1=-0.0593912
k2=0.0353789
p1=-8.9332e-05
p2=-0.000324083
k3=-0.0146109

[LEFT_DISTO]
k1=-1.51971
k2=2.82656
k3=0.0478002
k4=-1.43294
k5=2.67701
k6=0.214786
p1=-0.000283289
p2=-0.000220152

[RIGHT_DISTO]
k1=-1.39816
k2=2.85615
k3=0.0296188
k4=-1.31007
k5=2.71168
k6=0.197197
p1=-0.00015471
p2=-0.000144518

[STEREO]
Baseline=119.998
TY=-0.194059
TZ=0.174847
CV_2K=0.00300794
CV_FHD=0.00300794
CV_HD=0.00300794
CV_VGA=0.00300794
RX_2K=0.000646617
RX_FHD=0.000646617
RX_HD=0.000646617
RX_VGA=0.000646617
RZ_2K=0.00125309
RZ_FHD=0.00125309
RZ_HD=0.00125309
RZ_VGA=0.00125309

[MISC]
Sensor_ID=0
